82
1 2 3 4 5 6 7 8 9 10 11 12 13 14 15 16 17 18 19 20 21 22 23 24 25 26 27 28 29 30 31 32 33 34 35 36 37 38 39 40 41 42 43 44 45 46 47 48 49 50 51 52 53 54 55 56 57 58 59 60 61 62 63 64 65 66 67 68 69 70 71 72 73 74 75 76 77 78 79 80 81 82 
1
3
80 2 82 
 64 a 65
 64 A 65
 64 b 65
 64 B 65
 64 c 65
 64 C 65
 64 d 65
 64 D 65
 64 e 65
 64 E 65
 64 f 65
 64 F 65
 64 0 65
 64 1 65
 64 2 65
 64 3 65
 64 4 65
 64 5 65
 64 6 65
 64 7 65
 64 8 65
 64 9 65
 1 ' 2
 66 a 67
 66 A 67
 66 b 67
 66 B 67
 66 c 67
 66 C 67
 66 d 67
 66 D 67
 66 e 67
 66 E 67
 66 f 67
 66 F 67
 66 0 67
 66 1 67
 66 2 67
 66 3 67
 66 4 67
 66 5 67
 66 6 67
 66 7 67
 66 8 67
 66 9 67
 68 a 69
 68 A 69
 68 b 69
 68 B 69
 68 c 69
 68 C 69
 68 d 69
 68 D 69
 68 e 69
 68 E 69
 68 f 69
 68 F 69
 68 0 69
 68 1 69
 68 2 69
 68 3 69
 68 4 69
 68 5 69
 68 6 69
 68 7 69
 68 8 69
 68 9 69
 5 ! 6
 5 # 6
 5 $ 6
 5 % 6
 5 & 6
 5 ( 6
 5 ) 6
 5 * 6
 5 + 6
 5 , 6
 5 - 6
 5 . 6
 5 / 6
 5 0 6
 5 1 6
 5 2 6
 5 3 6
 5 4 6
 5 5 6
 5 6 6
 5 7 6
 5 8 6
 5 9 6
 5 : 6
 5 ; 6
 5 < 6
 5 = 6
 5 > 6
 5 ? 6
 5 @ 6
 5 A 6
 5 B 6
 5 C 6
 5 D 6
 5 E 6
 5 F 6
 5 G 6
 5 H 6
 5 I 6
 5 J 6
 5 K 6
 5 L 6
 5 M 6
 5 N 6
 5 O 6
 5 P 6
 5 Q 6
 5 R 6
 5 S 6
 5 T 6
 5 U 6
 5 V 6
 5 W 6
 5 X 6
 5 Y 6
 5 Z 6
 5 [ 6
 5 ] 6
 5 ^ 6
 5 _ 6
 5 a 6
 5 b 6
 5 c 6
 5 d 6
 5 e 6
 5 f 6
 5 g 6
 5 h 6
 5 i 6
 5 j 6
 5 k 6
 5 l 6
 5 m 6
 5 n 6
 5 o 6
 5 p 6
 5 q 6
 5 r 6
 5 s 6
 5 t 6
 5 u 6
 5 v 6
 5 w 6
 5 x 6
 5 y 6
 5 z 6
 5 { 6
 5 | 6
 5 } 6
 5 ~ 6
 70 a 71
 70 A 71
 70 b 71
 70 B 71
 70 c 71
 70 C 71
 70 d 71
 70 D 71
 70 e 71
 70 E 71
 70 f 71
 70 F 71
 70 0 71
 70 1 71
 70 2 71
 70 3 71
 70 4 71
 70 5 71
 70 6 71
 70 7 71
 70 8 71
 70 9 71
 8   9
 8 	 9
 8 
 9
 72 a 73
 72 A 73
 72 b 73
 72 B 73
 72 c 73
 72 C 73
 72 d 73
 72 D 73
 72 e 73
 72 E 73
 72 f 73
 72 F 73
 72 0 73
 72 1 73
 72 2 73
 72 3 73
 72 4 73
 72 5 73
 72 6 73
 72 7 73
 72 8 73
 72 9 73
 10 " 11
 10 ' 11
 74 a 75
 74 A 75
 74 b 75
 74 B 75
 74 c 75
 74 C 75
 74 d 75
 74 D 75
 74 e 75
 74 E 75
 74 f 75
 74 F 75
 74 0 75
 74 1 75
 74 2 75
 74 3 75
 74 4 75
 74 5 75
 74 6 75
 74 7 75
 74 8 75
 74 9 75
 76 a 77
 76 A 77
 76 b 77
 76 B 77
 76 c 77
 76 C 77
 76 d 77
 76 D 77
 76 e 77
 76 E 77
 76 f 77
 76 F 77
 76 0 77
 76 1 77
 76 2 77
 76 3 77
 76 4 77
 76 5 77
 76 6 77
 76 7 77
 76 8 77
 76 9 77
 16 \ 17
 81 ' 82
 19 ! 20
 19 # 20
 19 $ 20
 19 % 20
 19 & 20
 19 ( 20
 19 ) 20
 19 * 20
 19 + 20
 19 , 20
 19 - 20
 19 . 20
 19 / 20
 19 0 20
 19 1 20
 19 2 20
 19 3 20
 19 4 20
 19 5 20
 19 6 20
 19 7 20
 19 8 20
 19 9 20
 19 : 20
 19 ; 20
 19 < 20
 19 = 20
 19 > 20
 19 ? 20
 19 @ 20
 19 A 20
 19 B 20
 19 C 20
 19 D 20
 19 E 20
 19 F 20
 19 G 20
 19 H 20
 19 I 20
 19 J 20
 19 K 20
 19 L 20
 19 M 20
 19 N 20
 19 O 20
 19 P 20
 19 Q 20
 19 R 20
 19 S 20
 19 T 20
 19 U 20
 19 V 20
 19 W 20
 19 X 20
 19 Y 20
 19 Z 20
 19 [ 20
 19 ] 20
 19 ^ 20
 19 _ 20
 19 a 20
 19 b 20
 19 c 20
 19 d 20
 19 e 20
 19 f 20
 19 g 20
 19 h 20
 19 i 20
 19 j 20
 19 k 20
 19 l 20
 19 m 20
 19 n 20
 19 o 20
 19 p 20
 19 q 20
 19 r 20
 19 s 20
 19 t 20
 19 u 20
 19 v 20
 19 w 20
 19 x 20
 19 y 20
 19 z 20
 19 { 20
 19 | 20
 19 } 20
 19 ~ 20
 22   23
 22 	 23
 22 
 23
 24 " 25
 24 ' 25
 29 0 30
 30 o 31
 32 0 33
 32 1 33
 32 2 33
 32 3 33
 32 4 33
 32 5 33
 32 6 33
 32 7 33
 34 0 35
 34 1 35
 34 2 35
 34 3 35
 34 4 35
 34 5 35
 34 6 35
 34 7 35
 36 0 37
 36 1 37
 36 2 37
 36 3 37
 36 4 37
 36 5 37
 36 6 37
 36 7 37
 38 0 39
 39 h 40
 41 a 42
 41 A 42
 41 b 42
 41 B 42
 41 c 42
 41 C 42
 41 d 42
 41 D 42
 41 e 42
 41 E 42
 41 f 42
 41 F 42
 41 0 42
 41 1 42
 41 2 42
 41 3 42
 41 4 42
 41 5 42
 41 6 42
 41 7 42
 41 8 42
 41 9 42
 43 a 44
 43 A 44
 43 b 44
 43 B 44
 43 c 44
 43 C 44
 43 d 44
 43 D 44
 43 e 44
 43 E 44
 43 f 44
 43 F 44
 43 0 44
 43 1 44
 43 2 44
 43 3 44
 43 4 44
 43 5 44
 43 6 44
 43 7 44
 43 8 44
 43 9 44
 48 \ 49
 49 u 50
 51 a 52
 51 A 52
 51 b 52
 51 B 52
 51 c 52
 51 C 52
 51 d 52
 51 D 52
 51 e 52
 51 E 52
 51 f 52
 51 F 52
 51 0 52
 51 1 52
 51 2 52
 51 3 52
 51 4 52
 51 5 52
 51 6 52
 51 7 52
 51 8 52
 51 9 52
 53 a 54
 53 A 54
 53 b 54
 53 B 54
 53 c 54
 53 C 54
 53 d 54
 53 D 54
 53 e 54
 53 E 54
 53 f 54
 53 F 54
 53 0 54
 53 1 54
 53 2 54
 53 3 54
 53 4 54
 53 5 54
 53 6 54
 53 7 54
 53 8 54
 53 9 54
 55 a 56
 55 A 56
 55 b 56
 55 B 56
 55 c 56
 55 C 56
 55 d 56
 55 D 56
 55 e 56
 55 E 56
 55 f 56
 55 F 56
 55 0 56
 55 1 56
 55 2 56
 55 3 56
 55 4 56
 55 5 56
 55 6 56
 55 7 56
 55 8 56
 55 9 56
 57 a 58
 57 A 58
 57 b 58
 57 B 58
 57 c 58
 57 C 58
 57 d 58
 57 D 58
 57 e 58
 57 E 58
 57 f 58
 57 F 58
 57 0 58
 57 1 58
 57 2 58
 57 3 58
 57 4 58
 57 5 58
 57 6 58
 57 7 58
 57 8 58
 57 9 58
 59 \ 60
 60 U 61
 62 a 63
 62 A 63
 62 b 63
 62 B 63
 62 c 63
 62 C 63
 62 d 63
 62 D 63
 62 e 63
 62 E 63
 62 f 63
 62 F 63
 62 0 63
 62 1 63
 62 2 63
 62 3 63
 62 4 63
 62 5 63
 62 6 63
 62 7 63
 62 8 63
 62 9 63
 2 ε 81
 2 ε 3
 3 ε 4
 3 ε 14
 4 ε 5
 4 ε 7
 6 ε 13
 7 ε 8
 7 ε 10
 9 ε 12
 11 ε 12
 12 ε 13
 13 ε 80
 14 ε 15
 14 ε 47
 15 ε 16
 15 ε 28
 17 ε 18
 17 ε 46
 18 ε 19
 18 ε 21
 20 ε 27
 21 ε 22
 21 ε 24
 23 ε 26
 25 ε 26
 26 ε 27
 27 ε 46
 28 ε 38
 28 ε 29
 31 ε 32
 31 ε 45
 33 ε 34
 33 ε 36
 33 ε 45
 35 ε 36
 35 ε 45
 37 ε 45
 40 ε 41
 40 ε 45
 42 ε 43
 42 ε 45
 44 ε 45
 45 ε 46
 46 ε 79
 47 ε 48
 47 ε 59
 50 ε 51
 50 ε 78
 52 ε 53
 52 ε 55
 52 ε 57
 52 ε 78
 54 ε 55
 54 ε 57
 54 ε 78
 56 ε 57
 56 ε 78
 58 ε 78
 61 ε 62
 61 ε 78
 63 ε 64
 63 ε 66
 63 ε 68
 63 ε 70
 63 ε 72
 63 ε 74
 63 ε 76
 63 ε 78
 65 ε 66
 65 ε 68
 65 ε 70
 65 ε 72
 65 ε 74
 65 ε 76
 65 ε 78
 67 ε 68
 67 ε 70
 67 ε 72
 67 ε 74
 67 ε 76
 67 ε 78
 69 ε 70
 69 ε 72
 69 ε 74
 69 ε 76
 69 ε 78
 71 ε 72
 71 ε 74
 71 ε 76
 71 ε 78
 73 ε 74
 73 ε 76
 73 ε 78
 75 ε 76
 75 ε 78
 77 ε 78
 78 ε 79
 79 ε 80
 80 ε 81
