14
1 2 3 4 5 6 7 8 9 10 11 12 13 14 
1
1
14 
 2 0 3
 2 1 3
 2 2 3
 2 3 3
 2 4 3
 2 5 3
 2 6 3
 2 7 3
 2 8 3
 2 9 3
 2 A 3
 2 B 3
 2 C 3
 2 D 3
 2 E 3
 2 F 3
 2 G 3
 2 H 3
 2 I 3
 2 J 3
 2 K 3
 2 L 3
 2 M 3
 2 N 3
 2 O 3
 2 P 3
 2 Q 3
 2 R 3
 2 S 3
 2 T 3
 2 U 3
 2 V 3
 2 W 3
 2 X 3
 2 Y 3
 2 Z 3
 2 a 3
 2 b 3
 2 c 3
 2 d 3
 2 e 3
 2 f 3
 2 g 3
 2 h 3
 2 i 3
 2 j 3
 2 k 3
 2 l 3
 2 m 3
 2 n 3
 2 o 3
 2 p 3
 2 q 3
 2 r 3
 2 s 3
 2 t 3
 2 u 3
 2 v 3
 2 w 3
 2 x 3
 2 y 3
 2 z 3
 4 0 5
 4 1 5
 4 2 5
 4 3 5
 4 4 5
 4 5 5
 4 6 5
 4 7 5
 4 8 5
 4 9 5
 4 A 5
 4 B 5
 4 C 5
 4 D 5
 4 E 5
 4 F 5
 4 G 5
 4 H 5
 4 I 5
 4 J 5
 4 K 5
 4 L 5
 4 M 5
 4 N 5
 4 O 5
 4 P 5
 4 Q 5
 4 R 5
 4 S 5
 4 T 5
 4 U 5
 4 V 5
 4 W 5
 4 X 5
 4 Y 5
 4 Z 5
 4 _ 5
 4 a 5
 4 b 5
 4 c 5
 4 d 5
 4 e 5
 4 f 5
 4 g 5
 4 h 5
 4 i 5
 4 j 5
 4 k 5
 4 l 5
 4 m 5
 4 n 5
 4 o 5
 4 p 5
 4 q 5
 4 r 5
 4 s 5
 4 t 5
 4 u 5
 4 v 5
 4 w 5
 4 x 5
 4 y 5
 4 z 5
 7 _ 8
 9 0 10
 9 1 10
 9 2 10
 9 3 10
 9 4 10
 9 5 10
 9 6 10
 9 7 10
 9 8 10
 9 9 10
 9 A 10
 9 B 10
 9 C 10
 9 D 10
 9 E 10
 9 F 10
 9 G 10
 9 H 10
 9 I 10
 9 J 10
 9 K 10
 9 L 10
 9 M 10
 9 N 10
 9 O 10
 9 P 10
 9 Q 10
 9 R 10
 9 S 10
 9 T 10
 9 U 10
 9 V 10
 9 W 10
 9 X 10
 9 Y 10
 9 Z 10
 9 a 10
 9 b 10
 9 c 10
 9 d 10
 9 e 10
 9 f 10
 9 g 10
 9 h 10
 9 i 10
 9 j 10
 9 k 10
 9 l 10
 9 m 10
 9 n 10
 9 o 10
 9 p 10
 9 q 10
 9 r 10
 9 s 10
 9 t 10
 9 u 10
 9 v 10
 9 w 10
 9 x 10
 9 y 10
 9 z 10
 11 0 12
 11 1 12
 11 2 12
 11 3 12
 11 4 12
 11 5 12
 11 6 12
 11 7 12
 11 8 12
 11 9 12
 11 A 12
 11 B 12
 11 C 12
 11 D 12
 11 E 12
 11 F 12
 11 G 12
 11 H 12
 11 I 12
 11 J 12
 11 K 12
 11 L 12
 11 M 12
 11 N 12
 11 O 12
 11 P 12
 11 Q 12
 11 R 12
 11 S 12
 11 T 12
 11 U 12
 11 V 12
 11 W 12
 11 X 12
 11 Y 12
 11 Z 12
 11 _ 12
 11 a 12
 11 b 12
 11 c 12
 11 d 12
 11 e 12
 11 f 12
 11 g 12
 11 h 12
 11 i 12
 11 j 12
 11 k 12
 11 l 12
 11 m 12
 11 n 12
 11 o 12
 11 p 12
 11 q 12
 11 r 12
 11 s 12
 11 t 12
 11 u 12
 11 v 12
 11 w 12
 11 x 12
 11 y 12
 11 z 12
 1 ε 2
 1 ε 7
 3 ε 6
 3 ε 14
 5 ε 6
 6 ε 4
 6 ε 14
 8 ε 9
 8 ε 13
 8 ε 14
 10 ε 13
 10 ε 14
 12 ε 13
 13 ε 11
 13 ε 14
