435
1 2 3 4 5 6 7 8 9 10 11 12 13 14 15 16 17 18 19 20 21 22 23 24 25 26 27 28 29 30 31 32 33 34 35 36 37 38 39 40 41 42 43 44 45 46 47 48 49 50 51 52 53 54 55 56 57 58 59 60 61 62 63 64 65 66 67 68 69 70 71 72 73 74 75 76 77 78 79 80 81 82 83 84 85 86 87 88 89 90 91 92 93 94 95 96 97 98 99 100 101 102 103 104 105 106 107 108 109 110 111 112 113 114 115 116 117 118 119 120 121 122 123 124 125 126 127 128 129 130 131 132 133 134 135 136 137 138 139 140 141 142 143 144 145 146 147 148 149 150 151 152 153 154 155 156 157 158 159 160 161 162 163 164 165 166 167 168 169 170 171 172 173 174 175 176 177 178 179 180 181 182 183 184 185 186 187 188 189 190 191 192 193 194 195 196 197 198 199 200 201 202 203 204 205 206 207 208 209 210 211 212 213 214 215 216 217 218 219 220 221 222 223 224 225 226 227 228 229 230 231 232 233 234 235 236 237 238 239 240 241 242 243 244 245 246 247 248 249 250 251 252 253 254 255 256 257 258 259 260 261 262 263 264 265 266 267 268 269 270 271 272 273 274 275 276 277 278 279 280 281 282 283 284 285 286 287 288 289 290 291 292 293 294 295 296 297 298 299 300 301 302 303 304 305 306 307 308 309 310 311 312 313 314 315 316 317 318 319 320 321 322 323 324 325 326 327 328 329 330 331 332 333 334 335 336 337 338 339 340 341 342 343 344 345 346 347 348 349 350 351 352 353 354 355 356 357 358 359 360 361 362 363 364 365 366 367 368 369 370 371 372 373 374 375 376 377 378 379 380 381 382 383 384 385 386 387 388 389 390 391 392 393 394 395 396 397 398 399 400 401 402 403 404 405 406 407 408 409 410 411 412 413 414 415 416 417 418 419 420 421 422 423 424 425 426 427 428 429 430 431 432 433 434 435 
1
1
435 
 50 a 51
 51 b 52
 52 s 53
 53 t 54
 54 r 55
 55 a 56
 56 c 57
 57 t 58
 59 a 60
 60 s 61
 61 s 62
 62 e 63
 63 r 64
 64 t 65
 67 b 68
 68 o 69
 69 o 70
 70 l 71
 71 e 72
 72 a 73
 73 n 74
 76 b 77
 77 r 78
 78 e 79
 79 a 80
 80 k 81
 83 b 84
 84 y 85
 85 t 86
 86 e 87
 89 c 90
 90 a 91
 91 s 92
 92 e 93
 95 c 96
 96 a 97
 97 t 98
 98 c 99
 99 h 100
 102 c 103
 103 h 104
 104 a 105
 105 r 106
 108 c 109
 109 l 110
 110 a 111
 111 s 112
 112 s 113
 115 c 116
 116 o 117
 117 n 118
 118 s 119
 119 t 120
 122 c 123
 123 o 124
 124 n 125
 125 t 126
 126 i 127
 127 n 128
 128 u 129
 129 e 130
 132 d 133
 133 e 134
 134 f 135
 135 a 136
 136 u 137
 137 l 138
 138 t 139
 141 d 142
 142 o 143
 145 d 146
 146 o 147
 147 u 148
 148 b 149
 149 l 150
 150 e 151
 153 e 154
 154 l 155
 155 s 156
 156 e 157
 159 e 160
 160 n 161
 161 u 162
 162 m 163
 165 e 166
 166 x 167
 167 t 168
 168 e 169
 169 n 170
 170 d 171
 171 s 172
 174 f 175
 175 i 176
 176 n 177
 177 a 178
 178 l 179
 181 f 182
 182 i 183
 183 n 184
 184 a 185
 185 l 186
 186 l 187
 187 y 188
 190 f 191
 191 l 192
 192 o 193
 193 a 194
 194 t 195
 197 f 198
 198 o 199
 199 r 200
 202 g 203
 203 o 204
 204 t 205
 205 o 206
 208 i 209
 209 f 210
 212 i 213
 213 m 214
 214 p 215
 215 l 216
 216 e 217
 217 m 218
 218 e 219
 219 n 220
 220 t 221
 221 s 222
 224 i 225
 225 m 226
 226 p 227
 227 o 228
 228 r 229
 229 t 230
 232 i 233
 233 n 234
 234 s 235
 235 t 236
 236 a 237
 237 n 238
 238 c 239
 239 e 240
 240 o 241
 241 f 242
 244 i 245
 245 n 246
 246 t 247
 249 i 250
 250 n 251
 251 t 252
 252 e 253
 253 r 254
 254 f 255
 255 a 256
 256 c 257
 257 e 258
 260 l 261
 261 o 262
 262 n 263
 263 g 264
 266 n 267
 267 a 268
 268 t 269
 269 i 270
 270 v 271
 271 e 272
 274 n 275
 275 e 276
 276 w 277
 279 p 280
 280 a 281
 281 c 282
 282 k 283
 283 a 284
 284 g 285
 285 e 286
 288 p 289
 289 r 290
 290 i 291
 291 v 292
 292 a 293
 293 t 294
 294 e 295
 297 p 298
 298 r 299
 299 o 300
 300 t 301
 301 e 302
 302 c 303
 303 t 304
 304 e 305
 305 d 306
 308 p 309
 309 u 310
 310 b 311
 311 l 312
 312 i 313
 313 c 314
 316 r 317
 317 e 318
 318 t 319
 319 u 320
 320 r 321
 321 n 322
 324 s 325
 325 h 326
 326 o 327
 327 r 328
 328 t 329
 331 s 332
 332 t 333
 333 a 334
 334 t 335
 335 i 336
 336 c 337
 339 s 340
 340 t 341
 341 r 342
 342 i 343
 343 c 344
 344 t 345
 347 s 348
 348 u 349
 349 p 350
 350 e 351
 351 r 352
 354 s 355
 355 w 356
 356 i 357
 357 t 358
 358 c 359
 359 h 360
 362 s 363
 363 y 364
 364 n 365
 365 c 366
 366 h 367
 367 r 368
 368 o 369
 369 n 370
 370 i 371
 371 z 372
 372 e 373
 373 d 374
 376 t 377
 377 h 378
 378 i 379
 379 s 380
 382 t 383
 383 h 384
 384 r 385
 385 o 386
 386 w 387
 389 t 390
 390 h 391
 391 r 392
 392 o 393
 393 w 394
 394 s 395
 397 t 398
 398 r 399
 399 a 400
 400 n 401
 401 s 402
 402 i 403
 403 e 404
 404 n 405
 405 t 406
 408 t 409
 409 r 410
 410 y 411
 413 v 414
 414 o 415
 415 i 416
 416 d 417
 419 v 420
 420 o 421
 421 l 422
 422 a 423
 423 t 424
 424 i 425
 425 l 426
 426 e 427
 429 w 430
 430 h 431
 431 i 432
 432 l 433
 433 e 434
 1 ε 2
 1 ε 429
 2 ε 3
 2 ε 419
 258 ε 259
 3 ε 4
 3 ε 413
 259 ε 265
 4 ε 5
 4 ε 408
 5 ε 6
 5 ε 397
 6 ε 389
 6 ε 7
 7 ε 8
 7 ε 382
 8 ε 376
 8 ε 9
 264 ε 265
 9 ε 10
 9 ε 362
 265 ε 273
 10 ε 354
 10 ε 11
 11 ε 347
 11 ε 12
 12 ε 339
 12 ε 13
 13 ε 331
 13 ε 14
 14 ε 324
 14 ε 15
 15 ε 16
 15 ε 316
 16 ε 17
 16 ε 308
 272 ε 273
 17 ε 18
 17 ε 297
 273 ε 278
 18 ε 288
 18 ε 19
 19 ε 20
 19 ε 279
 20 ε 274
 20 ε 21
 21 ε 22
 21 ε 266
 277 ε 278
 22 ε 260
 22 ε 23
 278 ε 287
 23 ε 24
 23 ε 249
 24 ε 244
 24 ε 25
 25 ε 232
 25 ε 26
 26 ε 224
 26 ε 27
 27 ε 212
 27 ε 28
 28 ε 208
 28 ε 29
 29 ε 202
 29 ε 30
 30 ε 197
 30 ε 31
 286 ε 287
 31 ε 32
 31 ε 190
 287 ε 296
 32 ε 33
 32 ε 181
 33 ε 34
 33 ε 174
 34 ε 35
 34 ε 165
 35 ε 36
 35 ε 159
 36 ε 37
 36 ε 153
 37 ε 145
 37 ε 38
 38 ε 39
 38 ε 141
 39 ε 132
 39 ε 40
 295 ε 296
 40 ε 41
 40 ε 122
 296 ε 307
 41 ε 115
 41 ε 42
 42 ε 43
 42 ε 108
 43 ε 102
 43 ε 44
 44 ε 45
 44 ε 95
 45 ε 89
 45 ε 46
 46 ε 83
 46 ε 47
 47 ε 48
 47 ε 76
 48 ε 49
 48 ε 67
 49 ε 50
 49 ε 59
 306 ε 307
 307 ε 315
 58 ε 66
 314 ε 315
 315 ε 323
 65 ε 66
 66 ε 75
 322 ε 323
 323 ε 330
 329 ε 330
 74 ε 75
 330 ε 338
 75 ε 82
 81 ε 82
 337 ε 338
 82 ε 88
 338 ε 346
 87 ε 88
 88 ε 94
 345 ε 346
 346 ε 353
 93 ε 94
 94 ε 101
 352 ε 353
 353 ε 361
 100 ε 101
 101 ε 107
 360 ε 361
 361 ε 375
 106 ε 107
 107 ε 114
 113 ε 114
 114 ε 121
 374 ε 375
 375 ε 381
 120 ε 121
 121 ε 131
 380 ε 381
 381 ε 388
 130 ε 131
 131 ε 140
 387 ε 388
 388 ε 396
 139 ε 140
 395 ε 396
 140 ε 144
 396 ε 407
 143 ε 144
 144 ε 152
 406 ε 407
 151 ε 152
 407 ε 412
 152 ε 158
 411 ε 412
 412 ε 418
 157 ε 158
 158 ε 164
 417 ε 418
 418 ε 428
 163 ε 164
 164 ε 173
 427 ε 428
 172 ε 173
 428 ε 435
 173 ε 180
 434 ε 435
 179 ε 180
 180 ε 189
 188 ε 189
 189 ε 196
 195 ε 196
 196 ε 201
 200 ε 201
 201 ε 207
 206 ε 207
 207 ε 211
 210 ε 211
 211 ε 223
 222 ε 223
 223 ε 231
 230 ε 231
 231 ε 243
 242 ε 243
 243 ε 248
 247 ε 248
 248 ε 259
