228
1 2 3 4 5 6 7 8 9 10 11 12 13 14 15 16 17 18 19 20 21 22 23 24 25 26 27 28 29 30 31 32 33 34 35 36 37 38 39 40 41 42 43 44 45 46 47 48 49 50 51 52 53 54 55 56 57 58 59 60 61 62 63 64 65 66 67 68 69 70 71 72 73 74 75 76 77 78 79 80 81 82 83 84 85 86 87 88 89 90 91 92 93 94 95 96 97 98 99 100 101 102 103 104 105 106 107 108 109 110 111 112 113 114 115 116 117 118 119 120 121 122 123 124 125 126 127 128 129 130 131 132 133 134 135 136 137 138 139 140 141 142 143 144 145 146 147 148 149 150 151 152 153 154 155 156 157 158 159 160 161 162 163 164 165 166 167 168 169 170 171 172 173 174 175 176 177 178 179 180 181 182 183 184 185 186 187 188 189 190 191 192 193 194 195 196 197 198 199 200 201 202 203 204 205 206 207 208 209 210 211 212 213 214 215 216 217 218 219 220 221 222 223 224 225 226 227 228 
1
1
228 
 5 0 6
 7 1 8
 7 2 8
 7 3 8
 7 4 8
 7 5 8
 7 6 8
 7 7 8
 7 8 8
 7 9 8
 9 0 10
 9 1 10
 9 2 10
 9 3 10
 9 4 10
 9 5 10
 9 6 10
 9 7 10
 9 8 10
 9 9 10
 11 0 12
 11 1 12
 11 2 12
 11 3 12
 11 4 12
 11 5 12
 11 6 12
 11 7 12
 11 8 12
 11 9 12
 17 0 18
 18 b 19
 20 0 21
 20 1 21
 22 0 23
 22 1 23
 25 0 26
 26 B 27
 28 0 29
 28 1 29
 30 0 31
 30 1 31
 36 0 37
 37 o 38
 39 0 40
 39 1 40
 39 2 40
 39 3 40
 39 4 40
 39 5 40
 39 6 40
 39 7 40
 41 0 42
 41 1 42
 41 2 42
 41 3 42
 41 4 42
 41 5 42
 41 6 42
 41 7 42
 44 0 45
 45 O 46
 47 0 48
 47 1 48
 47 2 48
 47 3 48
 47 4 48
 47 5 48
 47 6 48
 47 7 48
 49 0 50
 49 1 50
 49 2 50
 49 3 50
 49 4 50
 49 5 50
 49 6 50
 49 7 50
 54 0 55
 55 x 56
 57 a 58
 57 A 58
 57 b 58
 57 B 58
 57 c 58
 57 C 58
 57 d 58
 57 D 58
 57 e 58
 57 E 58
 57 f 58
 57 F 58
 57 0 58
 57 1 58
 57 2 58
 57 3 58
 57 4 58
 57 5 58
 57 6 58
 57 7 58
 57 8 58
 57 9 58
 59 a 60
 59 A 60
 59 b 60
 59 B 60
 59 c 60
 59 C 60
 59 d 60
 59 D 60
 59 e 60
 59 E 60
 59 f 60
 59 F 60
 59 0 60
 59 1 60
 59 2 60
 59 3 60
 59 4 60
 59 5 60
 59 6 60
 59 7 60
 59 8 60
 59 9 60
 62 0 63
 63 X 64
 65 a 66
 65 A 66
 65 b 66
 65 B 66
 65 c 66
 65 C 66
 65 d 66
 65 D 66
 65 e 66
 65 E 66
 65 f 66
 65 F 66
 65 0 66
 65 1 66
 65 2 66
 65 3 66
 65 4 66
 65 5 66
 65 6 66
 65 7 66
 65 8 66
 65 9 66
 67 a 68
 67 A 68
 67 b 68
 67 B 68
 67 c 68
 67 C 68
 67 d 68
 67 D 68
 67 e 68
 67 E 68
 67 f 68
 67 F 68
 67 0 68
 67 1 68
 67 2 68
 67 3 68
 67 4 68
 67 5 68
 67 6 68
 67 7 68
 67 8 68
 67 9 68
 76 0 77
 76 1 77
 76 2 77
 76 3 77
 76 4 77
 76 5 77
 76 6 77
 76 7 77
 76 8 77
 76 9 77
 78 0 79
 78 1 79
 78 2 79
 78 3 79
 78 4 79
 78 5 79
 78 6 79
 78 7 79
 78 8 79
 78 9 79
 81 . 82
 83 0 84
 83 1 84
 83 2 84
 83 3 84
 83 4 84
 83 5 84
 83 6 84
 83 7 84
 83 8 84
 83 9 84
 86 . 87
 88 0 89
 88 1 89
 88 2 89
 88 3 89
 88 4 89
 88 5 89
 88 6 89
 88 7 89
 88 8 89
 88 9 89
 90 0 91
 90 1 91
 90 2 91
 90 3 91
 90 4 91
 90 5 91
 90 6 91
 90 7 91
 90 8 91
 90 9 91
 95 e 96
 97 + 98
 97 - 98
 100 0 101
 100 1 101
 100 2 101
 100 3 101
 100 4 101
 100 5 101
 100 6 101
 100 7 101
 100 8 101
 100 9 101
 102 0 103
 102 1 103
 102 2 103
 102 3 103
 102 4 103
 102 5 103
 102 6 103
 102 7 103
 102 8 103
 102 9 103
 105 E 106
 107 + 108
 107 - 108
 110 0 111
 110 1 111
 110 2 111
 110 3 111
 110 4 111
 110 5 111
 110 6 111
 110 7 111
 110 8 111
 110 9 111
 112 0 113
 112 1 113
 112 2 113
 112 3 113
 112 4 113
 112 5 113
 112 6 113
 112 7 113
 112 8 113
 112 9 113
 117 0 118
 117 1 118
 117 2 118
 117 3 118
 117 4 118
 117 5 118
 117 6 118
 117 7 118
 117 8 118
 117 9 118
 119 0 120
 119 1 120
 119 2 120
 119 3 120
 119 4 120
 119 5 120
 119 6 120
 119 7 120
 119 8 120
 119 9 120
 123 e 124
 125 + 126
 125 - 126
 128 0 129
 128 1 129
 128 2 129
 128 3 129
 128 4 129
 128 5 129
 128 6 129
 128 7 129
 128 8 129
 128 9 129
 130 0 131
 130 1 131
 130 2 131
 130 3 131
 130 4 131
 130 5 131
 130 6 131
 130 7 131
 130 8 131
 130 9 131
 133 E 134
 135 + 136
 135 - 136
 138 0 139
 138 1 139
 138 2 139
 138 3 139
 138 4 139
 138 5 139
 138 6 139
 138 7 139
 138 8 139
 138 9 139
 140 0 141
 140 1 141
 140 2 141
 140 3 141
 140 4 141
 140 5 141
 140 6 141
 140 7 141
 140 8 141
 140 9 141
 147 0 148
 147 1 148
 147 2 148
 147 3 148
 147 4 148
 147 5 148
 147 6 148
 147 7 148
 147 8 148
 147 9 148
 149 0 150
 149 1 150
 149 2 150
 149 3 150
 149 4 150
 149 5 150
 149 6 150
 149 7 150
 149 8 150
 149 9 150
 152 j 153
 152 J 153
 156 0 157
 156 1 157
 156 2 157
 156 3 157
 156 4 157
 156 5 157
 156 6 157
 156 7 157
 156 8 157
 156 9 157
 158 0 159
 158 1 159
 158 2 159
 158 3 159
 158 4 159
 158 5 159
 158 6 159
 158 7 159
 158 8 159
 158 9 159
 161 . 162
 163 0 164
 163 1 164
 163 2 164
 163 3 164
 163 4 164
 163 5 164
 163 6 164
 163 7 164
 163 8 164
 163 9 164
 166 . 167
 168 0 169
 168 1 169
 168 2 169
 168 3 169
 168 4 169
 168 5 169
 168 6 169
 168 7 169
 168 8 169
 168 9 169
 170 0 171
 170 1 171
 170 2 171
 170 3 171
 170 4 171
 170 5 171
 170 6 171
 170 7 171
 170 8 171
 170 9 171
 175 e 176
 177 + 178
 177 - 178
 180 0 181
 180 1 181
 180 2 181
 180 3 181
 180 4 181
 180 5 181
 180 6 181
 180 7 181
 180 8 181
 180 9 181
 182 0 183
 182 1 183
 182 2 183
 182 3 183
 182 4 183
 182 5 183
 182 6 183
 182 7 183
 182 8 183
 182 9 183
 185 E 186
 187 + 188
 187 - 188
 190 0 191
 190 1 191
 190 2 191
 190 3 191
 190 4 191
 190 5 191
 190 6 191
 190 7 191
 190 8 191
 190 9 191
 192 0 193
 192 1 193
 192 2 193
 192 3 193
 192 4 193
 192 5 193
 192 6 193
 192 7 193
 192 8 193
 192 9 193
 197 0 198
 197 1 198
 197 2 198
 197 3 198
 197 4 198
 197 5 198
 197 6 198
 197 7 198
 197 8 198
 197 9 198
 199 0 200
 199 1 200
 199 2 200
 199 3 200
 199 4 200
 199 5 200
 199 6 200
 199 7 200
 199 8 200
 199 9 200
 203 e 204
 205 + 206
 205 - 206
 208 0 209
 208 1 209
 208 2 209
 208 3 209
 208 4 209
 208 5 209
 208 6 209
 208 7 209
 208 8 209
 208 9 209
 210 0 211
 210 1 211
 210 2 211
 210 3 211
 210 4 211
 210 5 211
 210 6 211
 210 7 211
 210 8 211
 210 9 211
 213 E 214
 215 + 216
 215 - 216
 218 0 219
 218 1 219
 218 2 219
 218 3 219
 218 4 219
 218 5 219
 218 6 219
 218 7 219
 218 8 219
 218 9 219
 220 0 221
 220 1 221
 220 2 221
 220 3 221
 220 4 221
 220 5 221
 220 6 221
 220 7 221
 220 8 221
 220 9 221
 225 j 226
 225 J 226
 1 ® 2
 1 ® 146
 2 ® 3
 2 ® 74
 3 ® 4
 3 ® 15
 4 ® 5
 4 ® 7
 6 ® 14
 8 ® 9
 8 ® 14
 10 ® 13
 10 ® 14
 12 ® 13
 13 ® 11
 13 ® 14
 14 ® 73
 15 ® 16
 15 ® 34
 16 ® 17
 16 ® 25
 19 ® 33
 19 ® 20
 21 ® 33
 21 ® 24
 23 ® 24
 24 ® 33
 24 ® 22
 27 ® 33
 27 ® 28
 29 ® 32
 29 ® 33
 31 ® 32
 32 ® 33
 32 ® 30
 33 ® 72
 34 ® 35
 34 ® 53
 35 ® 36
 35 ® 44
 38 ® 52
 38 ® 39
 40 ® 52
 40 ® 43
 42 ® 43
 43 ® 52
 43 ® 41
 46 ® 52
 46 ® 47
 48 ® 51
 48 ® 52
 50 ® 51
 51 ® 49
 51 ® 52
 52 ® 71
 53 ® 54
 53 ® 62
 56 ® 70
 56 ® 57
 58 ® 70
 58 ® 61
 60 ® 61
 61 ® 70
 61 ® 59
 64 ® 65
 64 ® 70
 66 ® 69
 66 ® 70
 68 ® 69
 69 ® 67
 69 ® 70
 70 ® 71
 71 ® 72
 72 ® 73
 73 ® 145
 74 ® 117
 74 ® 75
 75 ® 86
 75 ® 76
 77 ® 80
 77 ® 81
 77 ® 93
 79 ® 80
 80 ® 81
 80 ® 93
 80 ® 78
 82 ® 85
 82 ® 93
 84 ® 85
 85 ® 83
 85 ® 93
 87 ® 88
 87 ® 93
 89 ® 92
 89 ® 93
 91 ® 92
 92 ® 90
 92 ® 93
 93 ® 144
 93 ® 116
 94 ® 105
 94 ® 95
 96 ® 99
 96 ® 115
 98 ® 97
 98 ® 115
 98 ® 100
 99 ® 98
 101 ® 115
 101 ® 104
 101 ® 105
 103 ® 104
 104 ® 115
 104 ® 102
 104 ® 105
 106 ® 115
 106 ® 109
 108 ® 115
 108 ® 107
 108 ® 110
 109 ® 108
 111 ® 114
 111 ® 115
 113 ® 114
 114 ® 112
 114 ® 115
 115 ® 144
 115 ® 94
 116 ® 115
 118 ® 144
 118 ® 121
 118 ® 122
 120 ® 121
 121 ® 144
 121 ® 119
 121 ® 122
 122 ® 133
 122 ® 123
 124 ® 127
 124 ® 143
 126 ® 128
 126 ® 125
 126 ® 143
 127 ® 126
 129 ® 132
 129 ® 133
 129 ® 143
 131 ® 132
 132 ® 130
 132 ® 133
 132 ® 143
 134 ® 137
 134 ® 143
 136 ® 135
 136 ® 138
 136 ® 143
 137 ® 136
 139 ® 142
 139 ® 143
 141 ® 142
 142 ® 140
 142 ® 143
 143 ® 144
 144 ® 145
 145 ® 228
 146 ® 147
 146 ® 154
 148 ® 227
 148 ® 151
 148 ® 152
 150 ® 151
 151 ® 227
 151 ® 149
 151 ® 152
 153 ® 227
 154 ® 197
 154 ® 155
 155 ® 166
 155 ® 156
 157 ® 160
 157 ® 161
 157 ® 173
 159 ® 160
 160 ® 161
 160 ® 173
 160 ® 158
 162 ® 165
 162 ® 173
 164 ® 165
 165 ® 163
 165 ® 173
 167 ® 168
 167 ® 173
 169 ® 172
 169 ® 173
 171 ® 172
 172 ® 170
 172 ® 173
 173 ® 224
 173 ® 196
 174 ® 185
 174 ® 175
 176 ® 179
 176 ® 195
 178 ® 177
 178 ® 195
 178 ® 180
 179 ® 178
 181 ® 195
 181 ® 184
 181 ® 185
 183 ® 184
 184 ® 195
 184 ® 182
 184 ® 185
 186 ® 195
 186 ® 189
 188 ® 195
 188 ® 187
 188 ® 190
 189 ® 188
 191 ® 194
 191 ® 195
 193 ® 194
 194 ® 192
 194 ® 195
 195 ® 224
 195 ® 174
 196 ® 195
 198 ® 224
 198 ® 201
 198 ® 202
 200 ® 201
 201 ® 224
 201 ® 199
 201 ® 202
 202 ® 213
 202 ® 203
 204 ® 207
 204 ® 223
 206 ® 208
 206 ® 205
 206 ® 223
 207 ® 206
 209 ® 212
 209 ® 213
 209 ® 223
 211 ® 212
 212 ® 210
 212 ® 213
 212 ® 223
 214 ® 217
 214 ® 223
 216 ® 215
 216 ® 218
 216 ® 223
 217 ® 216
 219 ® 222
 219 ® 223
 221 ® 222
 222 ® 220
 222 ® 223
 223 ® 224
 224 ® 225
 224 ® 227
 226 ® 227
 227 ® 228
