169
1 2 3 4 5 6 7 8 9 10 11 12 13 14 15 16 17 18 19 20 21 22 23 24 25 26 27 28 29 30 31 32 33 34 35 36 37 38 39 40 41 42 43 44 45 46 47 48 49 50 51 52 53 54 55 56 57 58 59 60 61 62 63 64 65 66 67 68 69 70 71 72 73 74 75 76 77 78 79 80 81 82 83 84 85 86 87 88 89 90 91 92 93 94 95 96 97 98 99 100 101 102 103 104 105 106 107 108 109 110 111 112 113 114 115 116 117 118 119 120 121 122 123 124 125 126 127 128 129 130 131 132 133 134 135 136 137 138 139 140 141 142 143 144 145 146 147 148 149 150 151 152 153 154 155 156 157 158 159 160 161 162 163 164 165 166 167 168 169 
1
1
169 
 128 < 129
 131 + 132
 134 - 135
 137 * 138
 140 / 141
 143 % 144
 146 = 147
 149 > 150
 152 < 153
 155 & 156
 158 | 159
 161 ^ 162
 36 > 37
 164 ! 165
 37 > 38
 38 > 39
 167 ~ 168
 40 < 41
 41 < 42
 42 < 43
 45 > 46
 46 > 47
 47 = 48
 50 < 51
 51 < 52
 52 = 53
 55 + 56
 56 + 57
 59 - 60
 60 - 61
 63 + 64
 64 = 65
 67 - 68
 68 = 69
 71 * 72
 72 = 73
 75 / 76
 76 = 77
 79 % 80
 80 = 81
 83 = 84
 84 = 85
 87 ! 88
 88 = 89
 91 & 92
 92 & 93
 95 | 96
 96 | 97
 99 & 100
 100 = 101
 103 | 104
 104 = 105
 107 > 108
 108 = 109
 111 < 112
 112 = 113
 115 & 116
 116 = 117
 119 ^ 120
 120 = 121
 123 > 124
 124 > 125
 127 < 128
 1 ε 2
 1 ε 167
 2 ε 3
 2 ε 164
 3 ε 161
 3 ε 4
 4 ε 5
 4 ε 158
 5 ε 6
 5 ε 155
 6 ε 7
 6 ε 152
 7 ε 149
 7 ε 8
 8 ε 146
 8 ε 9
 9 ε 10
 9 ε 143
 10 ε 11
 10 ε 140
 11 ε 137
 11 ε 12
 12 ε 134
 12 ε 13
 13 ε 131
 13 ε 14
 14 ε 15
 14 ε 127
 15 ε 16
 15 ε 123
 16 ε 17
 16 ε 119
 17 ε 18
 17 ε 115
 18 ε 19
 18 ε 111
 19 ε 20
 19 ε 107
 20 ε 21
 20 ε 103
 21 ε 99
 21 ε 22
 22 ε 23
 22 ε 95
 23 ε 24
 23 ε 91
 24 ε 87
 24 ε 25
 25 ε 83
 25 ε 26
 26 ε 27
 26 ε 79
 27 ε 75
 27 ε 28
 28 ε 71
 28 ε 29
 29 ε 67
 29 ε 30
 30 ε 31
 30 ε 63
 31 ε 32
 31 ε 59
 32 ε 33
 32 ε 55
 33 ε 34
 33 ε 50
 34 ε 35
 34 ε 45
 35 ε 36
 35 ε 40
 39 ε 44
 43 ε 44
 44 ε 49
 48 ε 49
 49 ε 54
 53 ε 54
 54 ε 58
 57 ε 58
 58 ε 62
 61 ε 62
 62 ε 66
 65 ε 66
 66 ε 70
 69 ε 70
 70 ε 74
 73 ε 74
 74 ε 78
 77 ε 78
 78 ε 82
 81 ε 82
 82 ε 86
 85 ε 86
 86 ε 90
 89 ε 90
 90 ε 94
 93 ε 94
 94 ε 98
 97 ε 98
 98 ε 102
 101 ε 102
 102 ε 106
 105 ε 106
 106 ε 110
 109 ε 110
 110 ε 114
 113 ε 114
 114 ε 118
 117 ε 118
 118 ε 122
 121 ε 122
 122 ε 126
 125 ε 126
 126 ε 130
 129 ε 130
 130 ε 133
 132 ε 133
 133 ε 136
 135 ε 136
 136 ε 139
 138 ε 139
 139 ε 142
 141 ε 142
 142 ε 145
 144 ε 145
 145 ε 148
 147 ε 148
 148 ε 151
 150 ε 151
 151 ε 154
 153 ε 154
 154 ε 157
 156 ε 157
 157 ε 160
 159 ε 160
 160 ε 163
 162 ε 163
 163 ε 166
 165 ε 166
 166 ε 169
 168 ε 169
