344
1 2 3 4 5 6 7 8 9 10 11 12 13 14 15 16 17 18 19 20 21 22 23 24 25 26 27 28 29 30 31 32 33 34 35 36 37 38 39 40 41 42 43 44 45 46 47 48 49 50 51 52 53 54 55 56 57 58 59 60 61 62 63 64 65 66 67 68 69 70 71 72 73 74 75 76 77 78 79 80 81 82 83 84 85 86 87 88 89 90 91 92 93 94 95 96 97 98 99 100 101 102 103 104 105 106 107 108 109 110 111 112 113 114 115 116 117 118 119 120 121 122 123 124 125 126 127 128 129 130 131 132 133 134 135 136 137 138 139 140 141 142 143 144 145 146 147 148 149 150 151 152 153 154 155 156 157 158 159 160 161 162 163 164 165 166 167 168 169 170 171 172 173 174 175 176 177 178 179 180 181 182 183 184 185 186 187 188 189 190 191 192 193 194 195 196 197 198 199 200 201 202 203 204 205 206 207 208 209 210 211 212 213 214 215 216 217 218 219 220 221 222 223 224 225 226 227 228 229 230 231 232 233 234 235 236 237 238 239 240 241 242 243 244 245 246 247 248 249 250 251 252 253 254 255 256 257 258 259 260 261 262 263 264 265 266 267 268 269 270 271 272 273 274 275 276 277 278 279 280 281 282 283 284 285 286 287 288 289 290 291 292 293 294 295 296 297 298 299 300 301 302 303 304 305 306 307 308 309 310 311 312 313 314 315 316 317 318 319 320 321 322 323 324 325 326 327 328 329 330 331 332 333 334 335 336 337 338 339 340 341 342 343 344 
3
3
344 5 2 
 256 ' 257
 1 b 2
 1 B 2
 257 ' 258
 258 ' 259
 4 r 5
 4 R 5
 262 ! 263
 262 # 263
 262 $ 263
 262 % 263
 262 & 263
 262 ( 263
 262 ) 263
 262 * 263
 262 + 263
 262 , 263
 262 - 263
 262 . 263
 262 / 263
 262 0 263
 262 1 263
 262 2 263
 262 3 263
 262 4 263
 262 5 263
 262 6 263
 262 7 263
 262 8 263
 262 9 263
 262 : 263
 262 ; 263
 262 < 263
 262 = 263
 262 > 263
 262 ? 263
 262 @ 263
 262 A 263
 262 B 263
 262 C 263
 262 D 263
 262 E 263
 262 F 263
 262 G 263
 262 H 263
 262 I 263
 262 J 263
 262 K 263
 262 L 263
 262 M 263
 262 N 263
 262 O 263
 262 P 263
 262 Q 263
 262 R 263
 262 S 263
 262 T 263
 262 U 263
 262 V 263
 262 W 263
 262 X 263
 262 Y 263
 262 Z 263
 262 [ 263
 262 ] 263
 262 ^ 263
 262 _ 263
 262 a 263
 262 b 263
 262 c 263
 262 d 263
 262 e 263
 262 f 263
 262 g 263
 262 h 263
 262 i 263
 262 j 263
 262 k 263
 262 l 263
 262 m 263
 262 n 263
 262 o 263
 262 p 263
 262 q 263
 262 r 263
 262 s 263
 262 t 263
 262 u 263
 262 v 263
 262 w 263
 262 x 263
 262 y 263
 262 z 263
 262 { 263
 262 | 263
 262 } 263
 262 ~ 263
 9 " 10
 265   266
 265 	 266
 265 
 266
 267 " 268
 267 ' 268
 12 ! 13
 12 # 13
 12 $ 13
 12 % 13
 12 & 13
 12 ( 13
 12 ) 13
 12 * 13
 12 + 13
 12 , 13
 12 - 13
 12 . 13
 12 / 13
 12 0 13
 12 1 13
 12 2 13
 12 3 13
 12 4 13
 12 5 13
 12 6 13
 12 7 13
 12 8 13
 12 9 13
 12 : 13
 12 ; 13
 12 < 13
 12 = 13
 12 > 13
 12 ? 13
 12 @ 13
 12 A 13
 12 B 13
 12 C 13
 12 D 13
 12 E 13
 12 F 13
 12 G 13
 12 H 13
 12 I 13
 12 J 13
 12 K 13
 12 L 13
 12 M 13
 12 N 13
 12 O 13
 12 P 13
 12 Q 13
 12 R 13
 12 S 13
 12 T 13
 12 U 13
 12 V 13
 12 W 13
 12 X 13
 12 Y 13
 12 Z 13
 12 [ 13
 12 ] 13
 12 ^ 13
 12 _ 13
 12 a 13
 12 b 13
 12 c 13
 12 d 13
 12 e 13
 12 f 13
 12 g 13
 12 h 13
 12 i 13
 12 j 13
 12 k 13
 12 l 13
 12 m 13
 12 n 13
 12 o 13
 12 p 13
 12 q 13
 12 r 13
 12 s 13
 12 t 13
 12 u 13
 12 v 13
 12 w 13
 12 x 13
 12 y 13
 12 z 13
 12 { 13
 12 | 13
 12 } 13
 12 ~ 13
 17 \ 18
 273 \ 274
 20 ! 21
 20 # 21
 20 $ 21
 20 % 21
 20 & 21
 20 ( 21
 20 ) 21
 20 * 21
 20 + 21
 20 , 21
 20 - 21
 20 . 21
 20 / 21
 20 0 21
 20 1 21
 20 2 21
 20 3 21
 20 4 21
 20 5 21
 20 6 21
 20 7 21
 20 8 21
 20 9 21
 20 : 21
 20 ; 21
 20 < 21
 20 = 21
 20 > 21
 20 ? 21
 20 @ 21
 20 A 21
 20 B 21
 20 C 21
 20 D 21
 20 E 21
 20 F 21
 20 G 21
 20 H 21
 20 I 21
 20 J 21
 20 K 21
 20 L 21
 20 M 21
 20 N 21
 20 O 21
 20 P 21
 20 Q 21
 20 R 21
 20 S 21
 20 T 21
 20 U 21
 20 V 21
 20 W 21
 20 X 21
 20 Y 21
 20 Z 21
 20 [ 21
 20 ] 21
 20 ^ 21
 20 _ 21
 20 a 21
 20 b 21
 20 c 21
 20 d 21
 20 e 21
 20 f 21
 20 g 21
 20 h 21
 20 i 21
 20 j 21
 20 k 21
 20 l 21
 20 m 21
 20 n 21
 20 o 21
 20 p 21
 20 q 21
 20 r 21
 20 s 21
 20 t 21
 20 u 21
 20 v 21
 20 w 21
 20 x 21
 20 y 21
 20 z 21
 20 { 21
 20 | 21
 20 } 21
 20 ~ 21
 276 ! 277
 276 # 277
 276 $ 277
 276 % 277
 276 & 277
 276 ( 277
 276 ) 277
 276 * 277
 276 + 277
 276 , 277
 276 - 277
 276 . 277
 276 / 277
 276 0 277
 276 1 277
 276 2 277
 276 3 277
 276 4 277
 276 5 277
 276 6 277
 276 7 277
 276 8 277
 276 9 277
 276 : 277
 276 ; 277
 276 < 277
 276 = 277
 276 > 277
 276 ? 277
 276 @ 277
 276 A 277
 276 B 277
 276 C 277
 276 D 277
 276 E 277
 276 F 277
 276 G 277
 276 H 277
 276 I 277
 276 J 277
 276 K 277
 276 L 277
 276 M 277
 276 N 277
 276 O 277
 276 P 277
 276 Q 277
 276 R 277
 276 S 277
 276 T 277
 276 U 277
 276 V 277
 276 W 277
 276 X 277
 276 Y 277
 276 Z 277
 276 [ 277
 276 ] 277
 276 ^ 277
 276 _ 277
 276 a 277
 276 b 277
 276 c 277
 276 d 277
 276 e 277
 276 f 277
 276 g 277
 276 h 277
 276 i 277
 276 j 277
 276 k 277
 276 l 277
 276 m 277
 276 n 277
 276 o 277
 276 p 277
 276 q 277
 276 r 277
 276 s 277
 276 t 277
 276 u 277
 276 v 277
 276 w 277
 276 x 277
 276 y 277
 276 z 277
 276 { 277
 276 | 277
 276 } 277
 276 ~ 277
 23   24
 23 	 24
 23 
 24
 279   280
 279 	 280
 279 
 280
 25 " 26
 25 ' 26
 281 " 282
 281 ' 282
 30 0 31
 286 0 287
 31 o 32
 287 o 288
 33 0 34
 33 1 34
 33 2 34
 33 3 34
 33 4 34
 33 5 34
 33 6 34
 33 7 34
 289 0 290
 289 1 290
 289 2 290
 289 3 290
 289 4 290
 289 5 290
 289 6 290
 289 7 290
 35 0 36
 35 1 36
 35 2 36
 35 3 36
 35 4 36
 35 5 36
 35 6 36
 35 7 36
 291 0 292
 291 1 292
 291 2 292
 291 3 292
 291 4 292
 291 5 292
 291 6 292
 291 7 292
 37 0 38
 37 1 38
 37 2 38
 37 3 38
 37 4 38
 37 5 38
 37 6 38
 37 7 38
 293 0 294
 293 1 294
 293 2 294
 293 3 294
 293 4 294
 293 5 294
 293 6 294
 293 7 294
 39 0 40
 295 0 296
 40 h 41
 296 h 297
 42 a 43
 42 A 43
 42 b 43
 42 B 43
 42 c 43
 42 C 43
 42 d 43
 42 D 43
 42 e 43
 42 E 43
 42 f 43
 42 F 43
 42 0 43
 42 1 43
 42 2 43
 42 3 43
 42 4 43
 42 5 43
 42 6 43
 42 7 43
 42 8 43
 42 9 43
 298 a 299
 298 A 299
 298 b 299
 298 B 299
 298 c 299
 298 C 299
 298 d 299
 298 D 299
 298 e 299
 298 E 299
 298 f 299
 298 F 299
 298 0 299
 298 1 299
 298 2 299
 298 3 299
 298 4 299
 298 5 299
 298 6 299
 298 7 299
 298 8 299
 298 9 299
 44 a 45
 44 A 45
 44 b 45
 44 B 45
 44 c 45
 44 C 45
 44 d 45
 44 D 45
 44 e 45
 44 E 45
 44 f 45
 44 F 45
 44 0 45
 44 1 45
 44 2 45
 44 3 45
 44 4 45
 44 5 45
 44 6 45
 44 7 45
 44 8 45
 44 9 45
 300 a 301
 300 A 301
 300 b 301
 300 B 301
 300 c 301
 300 C 301
 300 d 301
 300 D 301
 300 e 301
 300 E 301
 300 f 301
 300 F 301
 300 0 301
 300 1 301
 300 2 301
 300 3 301
 300 4 301
 300 5 301
 300 6 301
 300 7 301
 300 8 301
 300 9 301
 49 \ 50
 305 \ 306
 50 u 51
 306 u 307
 52 a 53
 52 A 53
 52 b 53
 52 B 53
 52 c 53
 52 C 53
 52 d 53
 52 D 53
 52 e 53
 52 E 53
 52 f 53
 52 F 53
 52 0 53
 52 1 53
 52 2 53
 52 3 53
 52 4 53
 52 5 53
 52 6 53
 52 7 53
 52 8 53
 52 9 53
 308 a 309
 308 A 309
 308 b 309
 308 B 309
 308 c 309
 308 C 309
 308 d 309
 308 D 309
 308 e 309
 308 E 309
 308 f 309
 308 F 309
 308 0 309
 308 1 309
 308 2 309
 308 3 309
 308 4 309
 308 5 309
 308 6 309
 308 7 309
 308 8 309
 308 9 309
 54 a 55
 54 A 55
 54 b 55
 54 B 55
 54 c 55
 54 C 55
 54 d 55
 54 D 55
 54 e 55
 54 E 55
 54 f 55
 54 F 55
 54 0 55
 54 1 55
 54 2 55
 54 3 55
 54 4 55
 54 5 55
 54 6 55
 54 7 55
 54 8 55
 54 9 55
 310 a 311
 310 A 311
 310 b 311
 310 B 311
 310 c 311
 310 C 311
 310 d 311
 310 D 311
 310 e 311
 310 E 311
 310 f 311
 310 F 311
 310 0 311
 310 1 311
 310 2 311
 310 3 311
 310 4 311
 310 5 311
 310 6 311
 310 7 311
 310 8 311
 310 9 311
 56 a 57
 56 A 57
 56 b 57
 56 B 57
 56 c 57
 56 C 57
 56 d 57
 56 D 57
 56 e 57
 56 E 57
 56 f 57
 56 F 57
 56 0 57
 56 1 57
 56 2 57
 56 3 57
 56 4 57
 56 5 57
 56 6 57
 56 7 57
 56 8 57
 56 9 57
 312 a 313
 312 A 313
 312 b 313
 312 B 313
 312 c 313
 312 C 313
 312 d 313
 312 D 313
 312 e 313
 312 E 313
 312 f 313
 312 F 313
 312 0 313
 312 1 313
 312 2 313
 312 3 313
 312 4 313
 312 5 313
 312 6 313
 312 7 313
 312 8 313
 312 9 313
 58 a 59
 58 A 59
 58 b 59
 58 B 59
 58 c 59
 58 C 59
 58 d 59
 58 D 59
 58 e 59
 58 E 59
 58 f 59
 58 F 59
 58 0 59
 58 1 59
 58 2 59
 58 3 59
 58 4 59
 58 5 59
 58 6 59
 58 7 59
 58 8 59
 58 9 59
 314 a 315
 314 A 315
 314 b 315
 314 B 315
 314 c 315
 314 C 315
 314 d 315
 314 D 315
 314 e 315
 314 E 315
 314 f 315
 314 F 315
 314 0 315
 314 1 315
 314 2 315
 314 3 315
 314 4 315
 314 5 315
 314 6 315
 314 7 315
 314 8 315
 314 9 315
 60 \ 61
 316 \ 317
 61 U 62
 317 U 318
 63 a 64
 63 A 64
 63 b 64
 63 B 64
 63 c 64
 63 C 64
 63 d 64
 63 D 64
 63 e 64
 63 E 64
 63 f 64
 63 F 64
 63 0 64
 63 1 64
 63 2 64
 63 3 64
 63 4 64
 63 5 64
 63 6 64
 63 7 64
 63 8 64
 63 9 64
 319 a 320
 319 A 320
 319 b 320
 319 B 320
 319 c 320
 319 C 320
 319 d 320
 319 D 320
 319 e 320
 319 E 320
 319 f 320
 319 F 320
 319 0 320
 319 1 320
 319 2 320
 319 3 320
 319 4 320
 319 5 320
 319 6 320
 319 7 320
 319 8 320
 319 9 320
 65 a 66
 65 A 66
 65 b 66
 65 B 66
 65 c 66
 65 C 66
 65 d 66
 65 D 66
 65 e 66
 65 E 66
 65 f 66
 65 F 66
 65 0 66
 65 1 66
 65 2 66
 65 3 66
 65 4 66
 65 5 66
 65 6 66
 65 7 66
 65 8 66
 65 9 66
 321 a 322
 321 A 322
 321 b 322
 321 B 322
 321 c 322
 321 C 322
 321 d 322
 321 D 322
 321 e 322
 321 E 322
 321 f 322
 321 F 322
 321 0 322
 321 1 322
 321 2 322
 321 3 322
 321 4 322
 321 5 322
 321 6 322
 321 7 322
 321 8 322
 321 9 322
 67 a 68
 67 A 68
 67 b 68
 67 B 68
 67 c 68
 67 C 68
 67 d 68
 67 D 68
 67 e 68
 67 E 68
 67 f 68
 67 F 68
 67 0 68
 67 1 68
 67 2 68
 67 3 68
 67 4 68
 67 5 68
 67 6 68
 67 7 68
 67 8 68
 67 9 68
 323 a 324
 323 A 324
 323 b 324
 323 B 324
 323 c 324
 323 C 324
 323 d 324
 323 D 324
 323 e 324
 323 E 324
 323 f 324
 323 F 324
 323 0 324
 323 1 324
 323 2 324
 323 3 324
 323 4 324
 323 5 324
 323 6 324
 323 7 324
 323 8 324
 323 9 324
 69 a 70
 69 A 70
 69 b 70
 69 B 70
 69 c 70
 69 C 70
 69 d 70
 69 D 70
 69 e 70
 69 E 70
 69 f 70
 69 F 70
 69 0 70
 69 1 70
 69 2 70
 69 3 70
 69 4 70
 69 5 70
 69 6 70
 69 7 70
 69 8 70
 69 9 70
 325 a 326
 325 A 326
 325 b 326
 325 B 326
 325 c 326
 325 C 326
 325 d 326
 325 D 326
 325 e 326
 325 E 326
 325 f 326
 325 F 326
 325 0 326
 325 1 326
 325 2 326
 325 3 326
 325 4 326
 325 5 326
 325 6 326
 325 7 326
 325 8 326
 325 9 326
 71 a 72
 71 A 72
 71 b 72
 71 B 72
 71 c 72
 71 C 72
 71 d 72
 71 D 72
 71 e 72
 71 E 72
 71 f 72
 71 F 72
 71 0 72
 71 1 72
 71 2 72
 71 3 72
 71 4 72
 71 5 72
 71 6 72
 71 7 72
 71 8 72
 71 9 72
 327 a 328
 327 A 328
 327 b 328
 327 B 328
 327 c 328
 327 C 328
 327 d 328
 327 D 328
 327 e 328
 327 E 328
 327 f 328
 327 F 328
 327 0 328
 327 1 328
 327 2 328
 327 3 328
 327 4 328
 327 5 328
 327 6 328
 327 7 328
 327 8 328
 327 9 328
 73 a 74
 73 A 74
 73 b 74
 73 B 74
 73 c 74
 73 C 74
 73 d 74
 73 D 74
 73 e 74
 73 E 74
 73 f 74
 73 F 74
 73 0 74
 73 1 74
 73 2 74
 73 3 74
 73 4 74
 73 5 74
 73 6 74
 73 7 74
 73 8 74
 73 9 74
 329 a 330
 329 A 330
 329 b 330
 329 B 330
 329 c 330
 329 C 330
 329 d 330
 329 D 330
 329 e 330
 329 E 330
 329 f 330
 329 F 330
 329 0 330
 329 1 330
 329 2 330
 329 3 330
 329 4 330
 329 5 330
 329 6 330
 329 7 330
 329 8 330
 329 9 330
 75 a 76
 75 A 76
 75 b 76
 75 B 76
 75 c 76
 75 C 76
 75 d 76
 75 D 76
 75 e 76
 75 E 76
 75 f 76
 75 F 76
 75 0 76
 75 1 76
 75 2 76
 75 3 76
 75 4 76
 75 5 76
 75 6 76
 75 7 76
 75 8 76
 75 9 76
 331 a 332
 331 A 332
 331 b 332
 331 B 332
 331 c 332
 331 C 332
 331 d 332
 331 D 332
 331 e 332
 331 E 332
 331 f 332
 331 F 332
 331 0 332
 331 1 332
 331 2 332
 331 3 332
 331 4 332
 331 5 332
 331 6 332
 331 7 332
 331 8 332
 331 9 332
 77 a 78
 77 A 78
 77 b 78
 77 B 78
 77 c 78
 77 C 78
 77 d 78
 77 D 78
 77 e 78
 77 E 78
 77 f 78
 77 F 78
 77 0 78
 77 1 78
 77 2 78
 77 3 78
 77 4 78
 77 5 78
 77 6 78
 77 7 78
 77 8 78
 77 9 78
 333 a 334
 333 A 334
 333 b 334
 333 B 334
 333 c 334
 333 C 334
 333 d 334
 333 D 334
 333 e 334
 333 E 334
 333 f 334
 333 F 334
 333 0 334
 333 1 334
 333 2 334
 333 3 334
 333 4 334
 333 5 334
 333 6 334
 333 7 334
 333 8 334
 333 9 334
 81   82
 81 ' 82
 81 	 82
 339 ' 340
 340 ' 341
 341 ' 342
 86 " 87
 88 ' 89
 91 ! 92
 91 # 92
 91 $ 92
 91 % 92
 91 & 92
 91 ( 92
 91 ) 92
 91 * 92
 91 + 92
 91 , 92
 91 - 92
 91 . 92
 91 / 92
 91 0 92
 91 1 92
 91 2 92
 91 3 92
 91 4 92
 91 5 92
 91 6 92
 91 7 92
 91 8 92
 91 9 92
 91 : 92
 91 ; 92
 91 < 92
 91 = 92
 91 > 92
 91 ? 92
 91 @ 92
 91 A 92
 91 B 92
 91 C 92
 91 D 92
 91 E 92
 91 F 92
 91 G 92
 91 H 92
 91 I 92
 91 J 92
 91 K 92
 91 L 92
 91 M 92
 91 N 92
 91 O 92
 91 P 92
 91 Q 92
 91 R 92
 91 S 92
 91 T 92
 91 U 92
 91 V 92
 91 W 92
 91 X 92
 91 Y 92
 91 Z 92
 91 [ 92
 91 ] 92
 91 ^ 92
 91 _ 92
 91 a 92
 91 b 92
 91 c 92
 91 d 92
 91 e 92
 91 f 92
 91 g 92
 91 h 92
 91 i 92
 91 j 92
 91 k 92
 91 l 92
 91 m 92
 91 n 92
 91 o 92
 91 p 92
 91 q 92
 91 r 92
 91 s 92
 91 t 92
 91 u 92
 91 v 92
 91 w 92
 91 x 92
 91 y 92
 91 z 92
 91 { 92
 91 | 92
 91 } 92
 91 ~ 92
 96 \ 97
 99 ! 100
 99 # 100
 99 $ 100
 99 % 100
 99 & 100
 99 ( 100
 99 ) 100
 99 * 100
 99 + 100
 99 , 100
 99 - 100
 99 . 100
 99 / 100
 99 0 100
 99 1 100
 99 2 100
 99 3 100
 99 4 100
 99 5 100
 99 6 100
 99 7 100
 99 8 100
 99 9 100
 99 : 100
 99 ; 100
 99 < 100
 99 = 100
 99 > 100
 99 ? 100
 99 @ 100
 99 A 100
 99 B 100
 99 C 100
 99 D 100
 99 E 100
 99 F 100
 99 G 100
 99 H 100
 99 I 100
 99 J 100
 99 K 100
 99 L 100
 99 M 100
 99 N 100
 99 O 100
 99 P 100
 99 Q 100
 99 R 100
 99 S 100
 99 T 100
 99 U 100
 99 V 100
 99 W 100
 99 X 100
 99 Y 100
 99 Z 100
 99 [ 100
 99 ] 100
 99 ^ 100
 99 _ 100
 99 a 100
 99 b 100
 99 c 100
 99 d 100
 99 e 100
 99 f 100
 99 g 100
 99 h 100
 99 i 100
 99 j 100
 99 k 100
 99 l 100
 99 m 100
 99 n 100
 99 o 100
 99 p 100
 99 q 100
 99 r 100
 99 s 100
 99 t 100
 99 u 100
 99 v 100
 99 w 100
 99 x 100
 99 y 100
 99 z 100
 99 { 100
 99 | 100
 99 } 100
 99 ~ 100
 102   103
 102 	 103
 102 
 103
 104 " 105
 104 ' 105
 109 0 110
 110 o 111
 112 0 113
 112 1 113
 112 2 113
 112 3 113
 112 4 113
 112 5 113
 112 6 113
 112 7 113
 114 0 115
 114 1 115
 114 2 115
 114 3 115
 114 4 115
 114 5 115
 114 6 115
 114 7 115
 116 0 117
 116 1 117
 116 2 117
 116 3 117
 116 4 117
 116 5 117
 116 6 117
 116 7 117
 118 0 119
 119 h 120
 121 a 122
 121 A 122
 121 b 122
 121 B 122
 121 c 122
 121 C 122
 121 d 122
 121 D 122
 121 e 122
 121 E 122
 121 f 122
 121 F 122
 121 0 122
 121 1 122
 121 2 122
 121 3 122
 121 4 122
 121 5 122
 121 6 122
 121 7 122
 121 8 122
 121 9 122
 123 a 124
 123 A 124
 123 b 124
 123 B 124
 123 c 124
 123 C 124
 123 d 124
 123 D 124
 123 e 124
 123 E 124
 123 f 124
 123 F 124
 123 0 124
 123 1 124
 123 2 124
 123 3 124
 123 4 124
 123 5 124
 123 6 124
 123 7 124
 123 8 124
 123 9 124
 128 \ 129
 129 u 130
 131 a 132
 131 A 132
 131 b 132
 131 B 132
 131 c 132
 131 C 132
 131 d 132
 131 D 132
 131 e 132
 131 E 132
 131 f 132
 131 F 132
 131 0 132
 131 1 132
 131 2 132
 131 3 132
 131 4 132
 131 5 132
 131 6 132
 131 7 132
 131 8 132
 131 9 132
 133 a 134
 133 A 134
 133 b 134
 133 B 134
 133 c 134
 133 C 134
 133 d 134
 133 D 134
 133 e 134
 133 E 134
 133 f 134
 133 F 134
 133 0 134
 133 1 134
 133 2 134
 133 3 134
 133 4 134
 133 5 134
 133 6 134
 133 7 134
 133 8 134
 133 9 134
 135 a 136
 135 A 136
 135 b 136
 135 B 136
 135 c 136
 135 C 136
 135 d 136
 135 D 136
 135 e 136
 135 E 136
 135 f 136
 135 F 136
 135 0 136
 135 1 136
 135 2 136
 135 3 136
 135 4 136
 135 5 136
 135 6 136
 135 7 136
 135 8 136
 135 9 136
 137 a 138
 137 A 138
 137 b 138
 137 B 138
 137 c 138
 137 C 138
 137 d 138
 137 D 138
 137 e 138
 137 E 138
 137 f 138
 137 F 138
 137 0 138
 137 1 138
 137 2 138
 137 3 138
 137 4 138
 137 5 138
 137 6 138
 137 7 138
 137 8 138
 137 9 138
 139 \ 140
 140 U 141
 142 a 143
 142 A 143
 142 b 143
 142 B 143
 142 c 143
 142 C 143
 142 d 143
 142 D 143
 142 e 143
 142 E 143
 142 f 143
 142 F 143
 142 0 143
 142 1 143
 142 2 143
 142 3 143
 142 4 143
 142 5 143
 142 6 143
 142 7 143
 142 8 143
 142 9 143
 144 a 145
 144 A 145
 144 b 145
 144 B 145
 144 c 145
 144 C 145
 144 d 145
 144 D 145
 144 e 145
 144 E 145
 144 f 145
 144 F 145
 144 0 145
 144 1 145
 144 2 145
 144 3 145
 144 4 145
 144 5 145
 144 6 145
 144 7 145
 144 8 145
 144 9 145
 146 a 147
 146 A 147
 146 b 147
 146 B 147
 146 c 147
 146 C 147
 146 d 147
 146 D 147
 146 e 147
 146 E 147
 146 f 147
 146 F 147
 146 0 147
 146 1 147
 146 2 147
 146 3 147
 146 4 147
 146 5 147
 146 6 147
 146 7 147
 146 8 147
 146 9 147
 148 a 149
 148 A 149
 148 b 149
 148 B 149
 148 c 149
 148 C 149
 148 d 149
 148 D 149
 148 e 149
 148 E 149
 148 f 149
 148 F 149
 148 0 149
 148 1 149
 148 2 149
 148 3 149
 148 4 149
 148 5 149
 148 6 149
 148 7 149
 148 8 149
 148 9 149
 150 a 151
 150 A 151
 150 b 151
 150 B 151
 150 c 151
 150 C 151
 150 d 151
 150 D 151
 150 e 151
 150 E 151
 150 f 151
 150 F 151
 150 0 151
 150 1 151
 150 2 151
 150 3 151
 150 4 151
 150 5 151
 150 6 151
 150 7 151
 150 8 151
 150 9 151
 152 a 153
 152 A 153
 152 b 153
 152 B 153
 152 c 153
 152 C 153
 152 d 153
 152 D 153
 152 e 153
 152 E 153
 152 f 153
 152 F 153
 152 0 153
 152 1 153
 152 2 153
 152 3 153
 152 4 153
 152 5 153
 152 6 153
 152 7 153
 152 8 153
 152 9 153
 154 a 155
 154 A 155
 154 b 155
 154 B 155
 154 c 155
 154 C 155
 154 d 155
 154 D 155
 154 e 155
 154 E 155
 154 f 155
 154 F 155
 154 0 155
 154 1 155
 154 2 155
 154 3 155
 154 4 155
 154 5 155
 154 6 155
 154 7 155
 154 8 155
 154 9 155
 156 a 157
 156 A 157
 156 b 157
 156 B 157
 156 c 157
 156 C 157
 156 d 157
 156 D 157
 156 e 157
 156 E 157
 156 f 157
 156 F 157
 156 0 157
 156 1 157
 156 2 157
 156 3 157
 156 4 157
 156 5 157
 156 6 157
 156 7 157
 156 8 157
 156 9 157
 160   161
 160 ' 161
 160 	 161
 165 ' 166
 169 " 170
 170 " 171
 171 " 172
 175 ! 176
 175 # 176
 175 $ 176
 175 % 176
 175 & 176
 175 ( 176
 175 ) 176
 175 * 176
 175 + 176
 175 , 176
 175 - 176
 175 . 176
 175 / 176
 175 0 176
 175 1 176
 175 2 176
 175 3 176
 175 4 176
 175 5 176
 175 6 176
 175 7 176
 175 8 176
 175 9 176
 175 : 176
 175 ; 176
 175 < 176
 175 = 176
 175 > 176
 175 ? 176
 175 @ 176
 175 A 176
 175 B 176
 175 C 176
 175 D 176
 175 E 176
 175 F 176
 175 G 176
 175 H 176
 175 I 176
 175 J 176
 175 K 176
 175 L 176
 175 M 176
 175 N 176
 175 O 176
 175 P 176
 175 Q 176
 175 R 176
 175 S 176
 175 T 176
 175 U 176
 175 V 176
 175 W 176
 175 X 176
 175 Y 176
 175 Z 176
 175 [ 176
 175 ] 176
 175 ^ 176
 175 _ 176
 175 a 176
 175 b 176
 175 c 176
 175 d 176
 175 e 176
 175 f 176
 175 g 176
 175 h 176
 175 i 176
 175 j 176
 175 k 176
 175 l 176
 175 m 176
 175 n 176
 175 o 176
 175 p 176
 175 q 176
 175 r 176
 175 s 176
 175 t 176
 175 u 176
 175 v 176
 175 w 176
 175 x 176
 175 y 176
 175 z 176
 175 { 176
 175 | 176
 175 } 176
 175 ~ 176
 178   179
 178 	 179
 178 
 179
 180 " 181
 180 ' 181
 186 \ 187
 189 ! 190
 189 # 190
 189 $ 190
 189 % 190
 189 & 190
 189 ( 190
 189 ) 190
 189 * 190
 189 + 190
 189 , 190
 189 - 190
 189 . 190
 189 / 190
 189 0 190
 189 1 190
 189 2 190
 189 3 190
 189 4 190
 189 5 190
 189 6 190
 189 7 190
 189 8 190
 189 9 190
 189 : 190
 189 ; 190
 189 < 190
 189 = 190
 189 > 190
 189 ? 190
 189 @ 190
 189 A 190
 189 B 190
 189 C 190
 189 D 190
 189 E 190
 189 F 190
 189 G 190
 189 H 190
 189 I 190
 189 J 190
 189 K 190
 189 L 190
 189 M 190
 189 N 190
 189 O 190
 189 P 190
 189 Q 190
 189 R 190
 189 S 190
 189 T 190
 189 U 190
 189 V 190
 189 W 190
 189 X 190
 189 Y 190
 189 Z 190
 189 [ 190
 189 ] 190
 189 ^ 190
 189 _ 190
 189 a 190
 189 b 190
 189 c 190
 189 d 190
 189 e 190
 189 f 190
 189 g 190
 189 h 190
 189 i 190
 189 j 190
 189 k 190
 189 l 190
 189 m 190
 189 n 190
 189 o 190
 189 p 190
 189 q 190
 189 r 190
 189 s 190
 189 t 190
 189 u 190
 189 v 190
 189 w 190
 189 x 190
 189 y 190
 189 z 190
 189 { 190
 189 | 190
 189 } 190
 189 ~ 190
 192   193
 192 	 193
 192 
 193
 194 " 195
 194 ' 195
 199 0 200
 200 o 201
 202 0 203
 202 1 203
 202 2 203
 202 3 203
 202 4 203
 202 5 203
 202 6 203
 202 7 203
 204 0 205
 204 1 205
 204 2 205
 204 3 205
 204 4 205
 204 5 205
 204 6 205
 204 7 205
 206 0 207
 206 1 207
 206 2 207
 206 3 207
 206 4 207
 206 5 207
 206 6 207
 206 7 207
 208 0 209
 209 h 210
 211 a 212
 211 A 212
 211 b 212
 211 B 212
 211 c 212
 211 C 212
 211 d 212
 211 D 212
 211 e 212
 211 E 212
 211 f 212
 211 F 212
 211 0 212
 211 1 212
 211 2 212
 211 3 212
 211 4 212
 211 5 212
 211 6 212
 211 7 212
 211 8 212
 211 9 212
 213 a 214
 213 A 214
 213 b 214
 213 B 214
 213 c 214
 213 C 214
 213 d 214
 213 D 214
 213 e 214
 213 E 214
 213 f 214
 213 F 214
 213 0 214
 213 1 214
 213 2 214
 213 3 214
 213 4 214
 213 5 214
 213 6 214
 213 7 214
 213 8 214
 213 9 214
 218 \ 219
 219 u 220
 221 a 222
 221 A 222
 221 b 222
 221 B 222
 221 c 222
 221 C 222
 221 d 222
 221 D 222
 221 e 222
 221 E 222
 221 f 222
 221 F 222
 221 0 222
 221 1 222
 221 2 222
 221 3 222
 221 4 222
 221 5 222
 221 6 222
 221 7 222
 221 8 222
 221 9 222
 223 a 224
 223 A 224
 223 b 224
 223 B 224
 223 c 224
 223 C 224
 223 d 224
 223 D 224
 223 e 224
 223 E 224
 223 f 224
 223 F 224
 223 0 224
 223 1 224
 223 2 224
 223 3 224
 223 4 224
 223 5 224
 223 6 224
 223 7 224
 223 8 224
 223 9 224
 225 a 226
 225 A 226
 225 b 226
 225 B 226
 225 c 226
 225 C 226
 225 d 226
 225 D 226
 225 e 226
 225 E 226
 225 f 226
 225 F 226
 225 0 226
 225 1 226
 225 2 226
 225 3 226
 225 4 226
 225 5 226
 225 6 226
 225 7 226
 225 8 226
 225 9 226
 227 a 228
 227 A 228
 227 b 228
 227 B 228
 227 c 228
 227 C 228
 227 d 228
 227 D 228
 227 e 228
 227 E 228
 227 f 228
 227 F 228
 227 0 228
 227 1 228
 227 2 228
 227 3 228
 227 4 228
 227 5 228
 227 6 228
 227 7 228
 227 8 228
 227 9 228
 229 \ 230
 230 U 231
 232 a 233
 232 A 233
 232 b 233
 232 B 233
 232 c 233
 232 C 233
 232 d 233
 232 D 233
 232 e 233
 232 E 233
 232 f 233
 232 F 233
 232 0 233
 232 1 233
 232 2 233
 232 3 233
 232 4 233
 232 5 233
 232 6 233
 232 7 233
 232 8 233
 232 9 233
 234 a 235
 234 A 235
 234 b 235
 234 B 235
 234 c 235
 234 C 235
 234 d 235
 234 D 235
 234 e 235
 234 E 235
 234 f 235
 234 F 235
 234 0 235
 234 1 235
 234 2 235
 234 3 235
 234 4 235
 234 5 235
 234 6 235
 234 7 235
 234 8 235
 234 9 235
 236 a 237
 236 A 237
 236 b 237
 236 B 237
 236 c 237
 236 C 237
 236 d 237
 236 D 237
 236 e 237
 236 E 237
 236 f 237
 236 F 237
 236 0 237
 236 1 237
 236 2 237
 236 3 237
 236 4 237
 236 5 237
 236 6 237
 236 7 237
 236 8 237
 236 9 237
 238 a 239
 238 A 239
 238 b 239
 238 B 239
 238 c 239
 238 C 239
 238 d 239
 238 D 239
 238 e 239
 238 E 239
 238 f 239
 238 F 239
 238 0 239
 238 1 239
 238 2 239
 238 3 239
 238 4 239
 238 5 239
 238 6 239
 238 7 239
 238 8 239
 238 9 239
 240 a 241
 240 A 241
 240 b 241
 240 B 241
 240 c 241
 240 C 241
 240 d 241
 240 D 241
 240 e 241
 240 E 241
 240 f 241
 240 F 241
 240 0 241
 240 1 241
 240 2 241
 240 3 241
 240 4 241
 240 5 241
 240 6 241
 240 7 241
 240 8 241
 240 9 241
 242 a 243
 242 A 243
 242 b 243
 242 B 243
 242 c 243
 242 C 243
 242 d 243
 242 D 243
 242 e 243
 242 E 243
 242 f 243
 242 F 243
 242 0 243
 242 1 243
 242 2 243
 242 3 243
 242 4 243
 242 5 243
 242 6 243
 242 7 243
 242 8 243
 242 9 243
 244 a 245
 244 A 245
 244 b 245
 244 B 245
 244 c 245
 244 C 245
 244 d 245
 244 D 245
 244 e 245
 244 E 245
 244 f 245
 244 F 245
 244 0 245
 244 1 245
 244 2 245
 244 3 245
 244 4 245
 244 5 245
 244 6 245
 244 7 245
 244 8 245
 244 9 245
 246 a 247
 246 A 247
 246 b 247
 246 B 247
 246 c 247
 246 C 247
 246 d 247
 246 D 247
 246 e 247
 246 E 247
 246 f 247
 246 F 247
 246 0 247
 246 1 247
 246 2 247
 246 3 247
 246 4 247
 246 5 247
 246 6 247
 246 7 247
 246 8 247
 246 9 247
 252 " 253
 253 " 254
 254 " 255
 2 ® 1
 2 ® 6
 3 ® 2
 5 ® 4
 5 ® 7
 6 ® 5
 7 ® 8
 7 ® 168
 8 ® 88
 8 ® 9
 10 ® 85
 10 ® 86
 10 ® 167
 11 ® 12
 11 ® 14
 13 ® 84
 14 ® 81
 14 ® 15
 15 ® 16
 15 ® 48
 16 ® 17
 16 ® 29
 18 ® 19
 18 ® 47
 19 ® 20
 19 ® 22
 21 ® 28
 22 ® 23
 22 ® 25
 24 ® 27
 26 ® 27
 27 ® 28
 28 ® 47
 29 ® 39
 29 ® 30
 32 ® 33
 32 ® 46
 34 ® 35
 34 ® 37
 34 ® 46
 36 ® 37
 36 ® 46
 38 ® 46
 41 ® 42
 41 ® 46
 43 ® 44
 43 ® 46
 45 ® 46
 46 ® 47
 47 ® 80
 48 ® 49
 48 ® 60
 51 ® 52
 51 ® 79
 53 ® 54
 53 ® 56
 53 ® 58
 53 ® 79
 55 ® 56
 55 ® 58
 55 ® 79
 57 ® 58
 57 ® 79
 59 ® 79
 62 ® 63
 62 ® 79
 64 ® 65
 64 ® 67
 64 ® 69
 64 ® 71
 64 ® 73
 64 ® 75
 64 ® 77
 64 ® 79
 66 ® 67
 66 ® 69
 66 ® 71
 66 ® 73
 66 ® 75
 66 ® 77
 66 ® 79
 68 ® 69
 68 ® 71
 68 ® 73
 68 ® 75
 68 ® 77
 68 ® 79
 70 ® 71
 70 ® 73
 70 ® 75
 70 ® 77
 70 ® 79
 72 ® 73
 72 ® 75
 72 ® 77
 72 ® 79
 74 ® 75
 74 ® 77
 74 ® 79
 76 ® 77
 76 ® 79
 78 ® 79
 79 ® 80
 80 ® 83
 82 ® 83
 83 ® 84
 84 ® 85
 85 ® 86
 85 ® 167
 85 ® 11
 87 ® 167
 89 ® 164
 89 ® 165
 89 ® 167
 90 ® 91
 90 ® 93
 92 ® 163
 93 ® 160
 93 ® 94
 94 ® 95
 94 ® 127
 95 ® 96
 95 ® 108
 97 ® 98
 97 ® 126
 98 ® 99
 98 ® 101
 100 ® 107
 101 ® 102
 101 ® 104
 103 ® 106
 105 ® 106
 106 ® 107
 107 ® 126
 108 ® 118
 108 ® 109
 111 ® 112
 111 ® 125
 113 ® 114
 113 ® 116
 113 ® 125
 115 ® 116
 115 ® 125
 117 ® 125
 120 ® 121
 120 ® 125
 122 ® 123
 122 ® 125
 124 ® 125
 125 ® 126
 126 ® 159
 127 ® 128
 127 ® 139
 130 ® 131
 130 ® 158
 132 ® 133
 132 ® 135
 132 ® 137
 132 ® 158
 134 ® 135
 134 ® 137
 134 ® 158
 136 ® 137
 136 ® 158
 138 ® 158
 141 ® 142
 141 ® 158
 143 ® 144
 143 ® 146
 143 ® 148
 143 ® 150
 143 ® 152
 143 ® 154
 143 ® 156
 143 ® 158
 145 ® 146
 145 ® 148
 145 ® 150
 145 ® 152
 145 ® 154
 145 ® 156
 145 ® 158
 147 ® 148
 147 ® 150
 147 ® 152
 147 ® 154
 147 ® 156
 147 ® 158
 149 ® 150
 149 ® 152
 149 ® 154
 149 ® 156
 149 ® 158
 151 ® 152
 151 ® 154
 151 ® 156
 151 ® 158
 153 ® 154
 153 ® 156
 153 ® 158
 155 ® 156
 155 ® 158
 157 ® 158
 158 ® 159
 159 ® 162
 161 ® 162
 162 ® 163
 163 ® 164
 164 ® 165
 164 ® 167
 164 ® 90
 166 ® 167
 167 ® 344
 168 ® 256
 168 ® 169
 172 ® 343
 172 ® 251
 172 ® 252
 173 ® 184
 173 ® 174
 174 ® 177
 174 ® 175
 176 ® 183
 177 ® 178
 177 ® 180
 179 ® 182
 181 ® 182
 182 ® 183
 183 ® 250
 184 ® 185
 184 ® 217
 185 ® 198
 185 ® 186
 187 ® 216
 187 ® 188
 188 ® 189
 188 ® 191
 190 ® 197
 191 ® 192
 191 ® 194
 193 ® 196
 195 ® 196
 196 ® 197
 197 ® 216
 198 ® 208
 198 ® 199
 201 ® 215
 201 ® 202
 203 ® 215
 203 ® 204
 203 ® 206
 205 ® 215
 205 ® 206
 207 ® 215
 210 ® 211
 210 ® 215
 212 ® 213
 212 ® 215
 214 ® 215
 215 ® 216
 216 ® 249
 217 ® 229
 217 ® 218
 220 ® 248
 220 ® 221
 222 ® 225
 222 ® 227
 222 ® 248
 222 ® 223
 224 ® 225
 224 ® 227
 224 ® 248
 226 ® 227
 226 ® 248
 228 ® 248
 231 ® 232
 231 ® 248
 233 ® 240
 233 ® 242
 233 ® 244
 233 ® 246
 233 ® 248
 233 ® 234
 233 ® 236
 233 ® 238
 235 ® 240
 235 ® 242
 235 ® 244
 235 ® 246
 235 ® 248
 235 ® 236
 235 ® 238
 237 ® 240
 237 ® 242
 237 ® 244
 237 ® 246
 237 ® 248
 237 ® 238
 239 ® 240
 239 ® 242
 239 ® 244
 239 ® 246
 239 ® 248
 241 ® 242
 241 ® 244
 241 ® 246
 241 ® 248
 243 ® 244
 243 ® 246
 243 ® 248
 245 ® 246
 245 ® 248
 247 ® 248
 248 ® 249
 249 ® 250
 250 ® 251
 251 ® 343
 251 ® 252
 251 ® 173
 255 ® 343
 259 ® 338
 259 ® 339
 259 ® 343
 260 ® 261
 260 ® 271
 261 ® 262
 261 ® 264
 263 ® 270
 264 ® 265
 264 ® 267
 266 ® 269
 268 ® 269
 269 ® 270
 270 ® 337
 271 ® 272
 271 ® 304
 272 ® 273
 272 ® 285
 274 ® 275
 274 ® 303
 275 ® 276
 275 ® 278
 277 ® 284
 278 ® 279
 278 ® 281
 280 ® 283
 282 ® 283
 283 ® 284
 284 ® 303
 285 ® 295
 285 ® 286
 288 ® 289
 288 ® 302
 290 ® 291
 290 ® 293
 290 ® 302
 292 ® 293
 292 ® 302
 294 ® 302
 297 ® 298
 297 ® 302
 299 ® 300
 299 ® 302
 301 ® 302
 302 ® 303
 303 ® 336
 304 ® 305
 304 ® 316
 307 ® 308
 307 ® 335
 309 ® 310
 309 ® 312
 309 ® 314
 309 ® 335
 311 ® 312
 311 ® 314
 311 ® 335
 313 ® 314
 313 ® 335
 315 ® 335
 318 ® 319
 318 ® 335
 320 ® 321
 320 ® 323
 320 ® 325
 320 ® 327
 320 ® 329
 320 ® 331
 320 ® 333
 320 ® 335
 322 ® 323
 322 ® 325
 322 ® 327
 322 ® 329
 322 ® 331
 322 ® 333
 322 ® 335
 324 ® 325
 324 ® 327
 324 ® 329
 324 ® 331
 324 ® 333
 324 ® 335
 326 ® 327
 326 ® 329
 326 ® 331
 326 ® 333
 326 ® 335
 328 ® 329
 328 ® 331
 328 ® 333
 328 ® 335
 330 ® 331
 330 ® 333
 330 ® 335
 332 ® 333
 332 ® 335
 334 ® 335
 335 ® 336
 336 ® 337
 337 ® 338
 338 ® 339
 338 ® 260
 338 ® 343
 342 ® 343
 343 ® 344
